EAGLE Version 9.6.2 Copyright (c) 1988-2020 Autodesk, Inc.
List of signals with length and its max. frequency / current
exported from C:/Users/apoor/Documents/EAGLE/projects/My Course/Shift register 74595/Shift_register_2_IC_74595.brd
at 21-11-2020 11:04 AM
Signal	f max. [MHz]	l [mm]	A [mm2]	R [mOhm]	w min [mm]	w max [mm]	Imax [A]
+5V	   3465.91	 86.500	0.014	 105.81	 0.406	 0.406	  1.25
SH_SCLK	   4697.51	 63.821	0.009	 124.91	 0.254	 0.254	  0.80
SH_LAT	   4825.82	 62.124	0.009	 121.59	 0.254	 0.254	  0.80
SH_EN	   4998.09	 59.983	0.009	 117.40	 0.254	 0.254	  0.80
N$5	  11591.76	 25.863	0.009	  50.62	 0.254	 0.254	  0.80
SHT_REG1_QA	  11596.11	 25.853	0.009	  50.60	 0.254	 0.254	  0.80
N$12	  12176.81	 24.621	0.009	  48.19	 0.254	 0.254	  0.80
N$6	  12385.18	 24.206	0.009	  47.38	 0.254	 0.254	  0.80
N$4	  13015.36	 23.034	0.009	  45.08	 0.254	 0.254	  0.80
N$11	  13055.38	 22.964	0.009	  44.95	 0.254	 0.254	  0.80
N$7	  13295.20	 22.549	0.009	  44.14	 0.254	 0.254	  0.80
N$10	  14070.59	 21.307	0.009	  41.70	 0.254	 0.254	  0.80
N$8	  14206.75	 21.103	0.009	  41.30	 0.254	 0.254	  0.80
SH_DOUT	  14253.27	 21.034	0.009	  41.17	 0.254	 0.254	  0.80
N$13	  14339.59	 20.907	0.009	  40.92	 0.254	 0.254	  0.80
N$3	  14889.62	 20.135	0.009	  39.41	 0.254	 0.254	  0.80
N$9	  15405.96	 19.460	0.009	  38.09	 0.254	 0.254	  0.80
SH_DIN	  16973.56	 17.663	0.009	  34.57	 0.254	 0.254	  0.80
N$14	  17496.52	 17.135	0.009	  33.54	 0.254	 0.254	  0.80
SHT_REG2_QA	  18394.12	 16.299	0.009	  31.90	 0.254	 0.254	  0.80
N$2	  19240.72	 15.582	0.009	  30.50	 0.254	 0.254	  0.80
N$1	  22843.38	 13.124	0.009	  25.69	 0.254	 0.254	  0.80
N$15	  23028.64	 13.019	0.009	  25.48	 0.254	 0.254	  0.80
N$16	  29612.35	 10.124	0.009	  19.82	 0.254	 0.254	  0.80
SHT_REG1_QH	  44268.39	  6.772	0.009	  13.26	 0.254	 0.254	  0.80
SHT_REG1_QG	  45549.93	  6.582	0.009	  12.88	 0.254	 0.254	  0.80
SHT_REG1_QF	  46907.88	  6.391	0.009	  12.51	 0.254	 0.254	  0.80
SHT_REG2_QB	  46961.59	  6.384	0.009	  12.50	 0.254	 0.254	  0.80
SHT_REG1_QE	  48349.29	  6.201	0.009	  12.14	 0.254	 0.254	  0.80
SHT_REG2_QC	  48406.35	  6.193	0.009	  12.12	 0.254	 0.254	  0.80
SHT_REG1_QD	  49882.09	  6.010	0.009	  11.76	 0.254	 0.254	  0.80
SHT_REG2_QD	  49942.83	  6.003	0.009	  11.75	 0.254	 0.254	  0.80
SHT_REG1_QC	  51515.26	  5.820	0.009	  11.39	 0.254	 0.254	  0.80
SHT_REG2_QE	  51580.04	  5.812	0.009	  11.38	 0.254	 0.254	  0.80
SHT_REG1_QB	  53258.99	  5.629	0.009	  11.02	 0.254	 0.254	  0.80
SHT_REG2_QF	  53328.24	  5.622	0.009	  11.00	 0.254	 0.254	  0.80
SHT_REG2_QG	  55199.09	  5.431	0.009	  10.63	 0.254	 0.254	  0.80
SHT_REG2_QH	  57205.98	  5.241	0.009	  10.26	 0.254	 0.254	  0.80
